	Buyer_ID	Auction_ID
0	83	(150,)
1	29	(31,)
2	36	(60,)
3	78	(264,)
4	109	(134,)
5	291	(178,)
6	205	(176,)
7	196	(85,)
8	258	(50,)
9	245	(7,)
10	135	(113,)
11	182	(191,)
12	144	(59,)
13	4	(65,)
14	249	(30,)
15	209	(183,)
16	200	(105,)
17	1	(88,)
18	71	(14,)
19	179	(49,)
20	166	(195,)
21	133	(185,)
22	39	(70,)
23	6	(180,)
24	269	(289,)
25	75	(96,)
26	255	(77,)
27	11	(213,)
28	18	(11,)
29	161	(211,)
30	8	(238,)
31	222	(154,)
32	250	(295,)
33	66	(187,)
34	128	(103,)
35	14	(102,)
36	48	(91,)
37	138	(189,)
38	167	(89,)
39	190	(38,)
40	276	(200,)
41	145	(272,)
42	10	(257,)
43	132	(169,)
44	85	(237,)
45	213	(149,)
46	63	(296,)
47	28	(216,)
48	267	(244,)
49	147	(127,)
50	163	(54,)
51	298	(212,)
52	62	(3,)
53	299	(138,)
54	23	(175,)
55	16	(75,)
56	90	(239,)
57	72	(39,)
58	239	(46,)
59	139	(181,)
60	87	(122,)
61	172	(126,)
62	13	(166,)
63	26	(232,)
64	290	(265,)
65	137	(137,)
66	80	(10,)
67	43	(124,)
68	170	(300,)
69	280	(112,)
70	3	(33,)
71	247	(130,)
72	120	(42,)
73	260	(247,)
74	53	(218,)
75	204	(201,)
76	180	(222,)
77	92	(56,)
78	181	(136,)
79	121	(21,)
80	248	(128,)
81	275	(62,)
82	198	(68,)
83	212	(35,)
84	242	(95,)
85	115	(186,)
86	157	(252,)
87	281	(107,)
88	60	(76,)
89	272	(274,)
90	30	(36,)
91	252	(234,)
92	206	(109,)
93	106	(29,)
94	237	(86,)
95	155	(45,)
96	191	(242,)
97	35	(52,)
98	159	(28,)
99	96	(221,)
100	219	(117,)
101	185	(47,)
102	288	(40,)
103	67	(5,)
104	25	(41,)
105	282	(290,)
106	117	(250,)
107	112	(267,)
108	264	(220,)
109	287	(8,)
110	57	(204,)
111	81	(61,)
112	221	(97,)
113	94	(288,)
114	273	(32,)
115	234	(263,)
116	201	(131,)
117	231	(144,)
118	296	(48,)
119	165	(281,)
120	86	(214,)
121	289	(236,)
122	223	(99,)
123	100	(273,)
124	105	(43,)
125	34	(165,)
126	156	(243,)
127	50	(217,)
128	131	(177,)
129	20	(194,)
130	171	(132,)
131	279	(293,)
132	162	(90,)
133	54	(174,)
134	285	(15,)
135	194	(79,)
136	225	(139,)
137	261	(58,)
138	233	(4,)
139	153	(292,)
140	214	(287,)
141	59	(278,)
142	294	(153,)
143	263	(261,)
144	154	(225,)
145	68	(159,)
146	127	(206,)
147	108	(197,)
148	134	(240,)
149	202	(20,)
150	33	(248,)
151	216	(118,)
152	73	(129,)
153	37	(161,)
154	152	(37,)
155	271	(210,)
156	9	(158,)
157	283	(245,)
158	65	(80,)
159	84	(268,)
160	207	(203,)
161	99	(1,)
162	284	(227,)
163	164	(19,)
164	38	(108,)
165	226	(224,)
166	286	(294,)
167	215	(115,)
168	168	(298,)
169	230	(193,)
170	140	(260,)
171	193	(26,)
172	69	(192,)
173	124	(299,)
174	160	(254,)
175	136	(64,)
176	42	(9,)
177	270	(140,)
178	17	(98,)
179	101	(6,)
180	265	(146,)
181	122	(196,)
182	173	(73,)
183	70	(155,)
184	203	(198,)
185	238	(22,)
186	125	(171,)
187	7	(269,)
188	40	(270,)
189	114	(81,)
190	91	(219,)
191	268	(111,)
192	21	(280,)
193	187	(53,)
194	188	(207,)
195	218	(55,)
196	74	(13,)
197	118	(101,)
198	228	(162,)
199	150	(202,)
